================================================================================
TOP 30 ACTIVATING TOKENS FOR FEATURE 94
================================================================================

Total examples analyzed: 36480
Total token activations: 1139056

Rank   Token                          Max Act      Avg Act      Count   
--------------------------------------------------------------------------------
1      AT                             4.0312       2.6859       129     
2      .Ad                            3.8438       3.3019       37      
3      .App                           3.6719       3.0736       73      
4      Ad                             3.6562       2.6122       98      
5      .Add                           3.6250       3.1438       34      
6      .Acc                           3.5938       3.5260       3       
7      AA                             3.5938       3.1750       5       
8      ap                             3.5781       1.2211       94      
9      AC                             3.5625       1.0684       43      
10     -ac                            3.5625       3.2074       11      
11     Ak                             3.5469       3.0246       7       
12     AAP                            3.5312       1.9283       122     
13     ck                             3.5312       -0.0077      43      
14     AP                             3.5312       1.4139       145     
15     j                              3.5156       -0.0938      73      
16     apt                            3.5156       1.9833       15      
17     At                             3.5156       1.8334       160     
18     App                            3.5156       2.5889       46      
19     AD                             3.5000       2.7494       43      
20     acc                            3.5000       2.1663       21      
21     ad                             3.4844       1.8817       829     
22     Ax                             3.4844       3.1719       4       
23     Ack                            3.4688       2.4656       52      
24     AR                             3.4531       1.7130       42      
25     Ac                             3.4375       3.1211       4       
26     pt                             3.4219       -0.1790      31      
27     Att                            3.4062       3.2746       14      
28     AH                             3.4062       3.0234       2       
29     ac                             3.4062       1.3373       82      
30     adj                            3.4062       3.3698       3       