================================================================================
TOP 30 ACTIVATING TOKENS FOR FEATURE 192
================================================================================

Total examples analyzed: 36480
Total token activations: 1139056

Rank   Token                          Max Act      Avg Act      Count   
--------------------------------------------------------------------------------
1      acro                           2.8125       0.6855       4       
2      ,                              2.4219       0.0367       41157   
3      for                            1.9531       0.0518       8798    
4      .A                             1.9453       0.6572       523     
5      .Should                        1.9375       0.5217       613     
6      18                             1.7422       0.3442       377     
7      .co                            1.6328       1.0547       5       
8      .com                           1.6250       1.0194       308     
9      ify                            1.6094       0.1954       57      
10     C                              1.5625       0.2435       871     
11     print                          1.5547       0.4574       23      
12     ww                             1.5234       1.5234       1       
13     inance                         1.5234       0.6935       33      
14     policy                         1.5156       0.6598       808     
15     .W                             1.5078       0.5849       386     
16     andra                          1.4844       0.2861       36      
17     lobal                          1.4766       1.1901       3       
18     NASDAQ                         1.4688       1.0484       113     
19     Microsoft                      1.4609       0.3208       838     
20     SE                             1.4531       0.9699       580     
21     .',                            1.4531       0.6104       62      
22     -to                            1.4531       0.7187       946     
23     -and                           1.4531       0.7343       67      
24     Set                            1.4453       0.5949       112     
25     .ai                            1.4297       0.9045       31      
26     BC                             1.4297       0.3190       108     
27     .uk                            1.4141       1.3008       2       
28     .B                             1.4141       0.5655       352     
29     .org                           1.4141       1.2044       3       
30     ',                             1.4062       0.3836       1369    