================================================================================
TOP 30 ACTIVATING TOKENS FOR FEATURE 180
================================================================================

Total examples analyzed: 36480
Total token activations: 1139056

Rank   Token                          Max Act      Avg Act      Count   
--------------------------------------------------------------------------------
1      and                            2.4062       -0.7486      15947   
2      consider                       2.3125       0.8887       754     
3      for                            2.2344       -0.7174      8798    
4      a                              2.1719       -0.7499      17611   
5      will                           2.0312       -1.1530      2046    
6      platform                       2.0156       -0.9704      309     
7      of                             1.9922       -0.7049      19067   
8      motion                         1.9922       -0.3936      4       
9      spend                          1.9609       -1.3451      82      
10     reputation                     1.9453       -1.1718      28      
11     to                             1.9375       -0.9102      19659   
12     software                       1.9297       -1.0521      245     
13     by                             1.9141       -0.6672      3638    
14     first                          1.9141       -0.9915      1522    
15     the                            1.8984       -0.7894      38381   
16     against                        1.8984       -0.8727      169     
17     with                           1.8984       -0.7599      4475    
18     -based                         1.8906       -0.7309      168     
19     ,                              1.8828       -0.8968      41157   
20     solution                       1.8750       -1.1795      21      
21     tracks                         1.8750       0.7540       25      
22     market                         1.8594       -0.9029      3211    
23     is                             1.8438       -0.8907      9492    
24     major                          1.8359       -1.2820      236     
25     :                              1.8359       -0.6399      5938    
26     it                             1.8281       -1.1920      4836    
27     I                              1.8125       -1.2213      1551    
28     team                           1.8047       0.7802       750     
29     research                       1.8047       -0.5441      216     
30     build                          1.7891       -1.1120      145     