================================================================================
TOP 30 ACTIVATING TOKENS FOR FEATURE 351
================================================================================

Total examples analyzed: 36480
Total token activations: 1139056

Rank   Token                          Max Act      Avg Act      Count   
--------------------------------------------------------------------------------
1      from                           5.7500       0.7090       6143    
2      or                             5.7188       0.5850       1508    
3      hi                             5.3750       0.5963       15      
4      is                             5.3438       0.4309       9492    
5      the                            5.2812       0.4212       38381   
6      hat                            5.2812       1.3545       41      
7      ar                             5.2812       0.3473       208     
8      ed                             5.1875       0.4012       888     
9      rr                             5.1562       4.3203       2       
10     ia                             5.1562       0.4432       120     
11     ing                            5.1562       0.5488       988     
12     j                              5.1562       0.7755       73      
13     39                             5.0938       0.3934       63      
14     ons                            5.0938       0.5068       43      
15     ad                             5.0938       1.4046       829     
16     ice                            5.0938       0.7636       32      
17     a                              5.0625       0.4825       17611   
18     y                              5.0625       0.7994       251     
19     ion                            5.0000       0.9215       24      
20     ige                            5.0000       0.8396       11      
21     s                              4.9375       0.4763       1225    
22     res                            4.9375       0.5340       128     
23     HS                             4.9062       0.9327       62      
24     ;                              4.8750       0.8440       342     
25     can                            4.8750       0.4148       1402    
26     uler                           4.8750       2.5365       3       
27     ings                           4.8750       0.4759       271     
28     320                            4.8750       0.9331       15      
29     es                             4.8438       0.6095       363     
30     en                             4.8438       0.7515       179     