================================================================================
TOP 30 ACTIVATING TOKENS FOR FEATURE 272
================================================================================

Total examples analyzed: 36480
Total token activations: 1139056

Rank   Token                          Max Act      Avg Act      Count   
--------------------------------------------------------------------------------
1      ETF                            4.6562       1.5832       551     
2      Trust                          4.3438       1.7516       125     
3      Growth                         4.0938       0.8856       249     
4      SA                             4.0625       1.1401       21      
5      program                        4.0312       1.0468       73      
6      ak                             4.0312       0.8456       37      
7      )                              3.9531       1.6320       3539    
8      ratio                          3.9531       1.5208       277     
9      headset                        3.9375       1.6562       3       
10     s                              3.9062       0.6723       1225    
11     stock                          3.8125       0.4852       5213    
12     cars                           3.7969       0.6769       71      
13     regime                         3.7969       0.8039       12      
14     planes                         3.7812       0.9831       14      
15     urge                           3.7812       1.3354       7       
16     options                        3.7812       0.2084       238     
17     Index                          3.7656       1.4306       138     
18     Fund                           3.7500       1.2861       117     
19     development                    3.6875       0.5727       228     
20     )index                         3.6875       3.3906       3       
21     price                          3.6562       0.4970       1526    
22     franchise                      3.6562       1.0710       17      
23     index                          3.6406       1.0226       340     
24     Drugs                          3.6094       2.6797       2       
25     fund                           3.5781       0.4867       240     
26     Stock                          3.5781       0.5058       5275    
27     update                         3.5625       1.0128       96      
28     systems                        3.5625       0.7892       91      
29     board                          3.5312       1.3051       355     
30     an                             3.5156       0.3344       3156    