================================================================================
TOP 30 ACTIVATING TOKENS FOR FEATURE 116
================================================================================

Total examples analyzed: 36480
Total token activations: 1139056

Rank   Token                          Max Act      Avg Act      Count   
--------------------------------------------------------------------------------
1      Sony                           6.3438       0.4943       13      
2      's                             5.9375       -1.1325      8996    
3      swagen                         5.7188       1.4753       6       
4      Capital                        5.6562       0.4487       168     
5      ,                              5.3125       -1.4980      41157   
6      cl                             5.3125       2.1593       33      
7      S                              5.1250       -1.0610      2160    
8      ays                            5.1250       0.9814       36      
9      er                             5.0625       -0.1269      258     
10     Reserve                        5.0312       0.7000       257     
11     region                         5.0312       -1.3224      52      
12     --                             5.0000       -0.1860      1361    
13     Brewer                         5.0000       3.2540       14      
14     to                             4.9688       -1.3284      19659   
15     Equal                          4.9688       0.5881       27      
16     W                              4.9375       -0.1897      260     
17     am                             4.9375       -0.0756      148     
18     as                             4.9375       -1.0869      5565    
19     le                             4.9062       -0.5709      164     
20     Trader                         4.9062       0.3042       13      
21     chn                            4.9062       2.2930       5       
22     tr                             4.9062       0.3228       147     
23     Paul                           4.9062       -0.1189      29      
24     shareholders                   4.8438       -1.3260      227     
25     also                           4.8438       -2.1447      1403    
26     man                            4.8438       0.2116       243     
27     ium                            4.8438       0.8588       69      
28     the                            4.8125       -1.2814      38381   
29     BC                             4.8125       0.7300       108     
30     vid                            4.7812       1.2137       595     