================================================================================
TOP 30 ACTIVATING TOKENS FOR FEATURE 311
================================================================================

Total examples analyzed: 36480
Total token activations: 1139056

Rank   Token                          Max Act      Avg Act      Count   
--------------------------------------------------------------------------------
1      to                             4.5625       -0.1050      19659   
2      regularly                      4.3438       0.4328       23      
3      benchmark                      4.3125       0.6905       113     
4      scrutiny                       4.2500       1.9648       12      
5      study                          4.1250       2.0493       45      
6      will                           4.1250       -0.0658      2046    
7      look                           4.0625       1.3108       394     
8      analysis                       4.0000       1.5312       145     
9      and                            3.9844       -0.1820      15947   
10     ing                            3.9844       -0.0827      988     
11     scrutin                        3.9844       3.1445       4       
12     -party                         3.9688       0.2832       45      
13     investigation                  3.9688       2.3870       26      
14     tests                          3.9688       1.7051       14      
15     yses                           3.9531       3.8516       2       
16     -level                         3.8906       0.1872       31      
17     test                           3.8281       1.7828       35      
18     assessed                       3.8125       2.1703       5       
19     can                            3.7812       -0.0742      1402    
20     evaluation                     3.7500       3.1836       4       
21     ,                              3.7188       -0.0688      41157   
22     verified                       3.7188       1.9883       3       
23     ),                             3.6875       -0.1212      613     
24     dive                           3.6875       1.0850       21      
25     had                            3.6875       -0.0458      591     
26     Analy                          3.6875       2.7357       6       
27     3                              3.6250       -0.0735      2783    
28     for                            3.6250       -0.2302      8798    
29     testing                        3.6250       1.8640       28      
30     Studies                        3.6250       3.6250       1       