================================================================================
TOP 30 ACTIVATING TOKENS FOR FEATURE 374
================================================================================

Total examples analyzed: 36480
Total token activations: 1139056

Rank   Token                          Max Act      Avg Act      Count   
--------------------------------------------------------------------------------
1      investor                       6.6875       4.1109       271     
2      customer                       6.1562       4.3470       179     
3      customers                      6.1562       4.3418       391     
4      consumers                      6.0625       4.7663       164     
5      consumer                       6.0312       3.5651       252     
6      investors                      5.9688       4.0583       3196    
7      client                         5.9375       3.7503       56      
8      patient                        5.9375       2.3033       41      
9      clients                        5.9062       3.8974       165     
10     Users                          5.8750       5.6719       2       
11     people                         5.8750       4.3006       208     
12     users                          5.8438       4.0126       159     
13     Investors                      5.7812       4.3149       304     
14     ors                            5.7812       3.6657       245     
15     Consumers                      5.7812       5.0729       6       
16     ers                            5.7500       1.8622       371     
17     Clients                        5.7500       4.3092       14      
18     holder                         5.7500       3.7524       13      
19     employees                      5.7188       3.9469       45      
20     buyers                         5.7188       4.3354       76      
21     employee                       5.7188       4.6904       16      
22     driver                         5.6875       2.1555       73      
23     individuals                    5.6875       4.2693       17      
24     user                           5.6562       3.8706       85      
25     patients                       5.6250       4.2364       61      
26     Customers                      5.5938       5.0742       8       
27     person                         5.5625       4.1776       30      
28     Sellers                        5.5625       3.7083       3       
29     collector                      5.5625       4.2396       3       
30     or                             5.5312       -0.1349      1508    