================================================================================
TOP 30 ACTIVATING TOKENS FOR FEATURE 215
================================================================================

Total examples analyzed: 36480
Total token activations: 1139056

Rank   Token                          Max Act      Avg Act      Count   
--------------------------------------------------------------------------------
1      management                     4.7188       0.6827       361     
2      understanding                  4.5000       0.1485       16      
3      services                       4.5000       1.4986       459     
4      System                         4.4688       2.1581       29      
5      Sector                         4.4062       2.5251       56      
6      growth                         4.3750       0.9507       2309    
7      cell                           4.3750       2.2147       28      
8      book                           4.3438       0.6044       58      
9      computing                      4.2812       2.5300       161     
10     solutions                      4.2812       2.0117       105     
11     system                         4.2500       2.0846       82      
12     Solutions                      4.2500       2.8152       20      
13     data                           4.2188       0.7846       862     
14     market                         4.1875       1.1191       3211    
15     technology                     4.1875       1.3021       407     
16     equipment                      4.1875       1.5750       88      
17     insights                       4.1875       0.7674       29      
18     Services                       4.1562       2.1213       110     
19     healthcare                     4.1562       0.9307       97      
20     control                        4.1562       0.9548       51      
21     Details                        4.1562       0.7281       5       
22     tech                           4.1250       0.4755       498     
23     sports                         4.1250       0.0006       65      
24     analytics                      4.0938       2.0989       32      
25     Rights                         4.0938       2.6250       2       
26     Consumer                       4.0938       0.0038       46      
27     service                        4.0938       1.7116       175     
28     Service                        4.0625       0.7111       56      
29     Energy                         4.0625       1.7065       230     
30     scoring                        4.0625       2.5967       3       